0 1 100
1 0 100
1 2 100
2 1 100
2 3 100
3 2 100
3 4 100
4 3 100
4 5 100
5 4 100
5 6 100
6 5 100
6 7 100
7 6 100
0 8 100
8 0 100
0 9 100
9 0 100
1 8 100
8 1 100
1 9 100
9 1 100
1 10 100
10 1 100
2 9 100 
9 2 100
2 10 100
10 2 100
2 11 100
11 2 100
3 10 100
10 3 100
3 11 100
11 3 100
3 12 100
12 3 100
4 11 100
11 4 100
4 12 100
12 4 100
4 13 100
13 4 100
5 12 100
12 5 100
5 13 100
13 5 100
5 14 100
14 5 100
6 13 100
13 6 100
6 14 100
14 6 100
6 15 100
15 6 100
7 14 100
14 7 100
7 15 100
15 7 100
8 9 100
9 8 100
9 10 100
10 9 100
10 11 100
11 10 100
11 12 100
12 11 100
12 13 100
13 12 100 
13 14 100
14 13 100
14 15 100
15 14 100
8 16 100
16 8 100
9 16 100
16 9 100
16 17 100
17 16 100
16 18 100
18 16 100
17 18 100
18 17 100
18 19 100
19 18 100
19 20 100
20 19 100
20 21 100
21 20 100
21 22 100
22 21 100
22 23 100
23 22 100
23 24 100
24 23 100
20 25 100
25 20 100
22 25 100
25 22 100
21 25 100
25 21 100
25 26 100
26 25 100