140 120 
240 120
240 120 
310 120
310 120 
410 120 
410 120 
510 120
510 120 
600 120
120 120 
120 220
120 220 
120 320
120 320 
120 400
120 400 
120 490
120 490 
230 490
230 490 
310 490
310 490 
410 490
410 490 
510 490
310 490 
410 400
410 400 
410 490
410 400 
410 320
410 320 
510 400
510 400 
600 490
410 400 
600 400
600 400 
600 320
600 320 
600 220
600 220 
510 220
510 220 
600 120
510 220 
410 120
510 220 
510 320
510 320 
410 220
410 220 
220 120
410 220 
310 320
310 320 
220 220
220 220 
120 120
220 220 
220 320
220 320 
310 320
220 320 
310 400
310 320 
310 400
120 400 
220 400
220 400 
300 400