0 0 0 
1 0 100
2 0 200
3 0 300
4 0 400
5 0 500
6 0 600
7 0 700
8 100 0 
9 100 100
10 100 200
11 100 300
12 100 400
13 100 500
14 100 600
15 100 700
16 200 0
17 300 0
18 300 100 
19 300 200
20 300 300
21 300 400
22 300 500
23 300 600
24 300 700
25 400 400
26 500 400
27 600 0 
28 600 100
29 600 200
30 600 300
31 600 400
32 600 500
33 600 600
34 600 700
35 700 0
36 800 0 
37 800 100
38 800 200
39 800 300
40 800 400
41 800 500
42 800 600
43 800 700
44 900 200
45 1000 300
46 1000 400
47 900 500
48 900 600
49 900 700
50 700 700